[Calibration]
OffsetRX=1566
OffsetRY=316
OffsetLX=2275
OffsetLY=4426
OffsetRT=0
OffsetLT=0
RatioRX=1.68328213692
RatioRY=1.67130196095
RatioLX=1.69614708424
RatioLY=1.67502093315
RatioRT=1.
RatioLT=1.00066101551
